20/06
VINHLONG
1
848702
-
2
45391
-
3
68592
-
4
12323
24536
-
5
16385
09515
87119
09844
85972
44818
28856
68271
-
6
7301
3226
8700
-
7
857
-
8
37
-
+
HANOI
1
245364
-
2
46758
-
3
76432
-
4
67532
18375
-
5
11241
24582
38573
27162
12455
25142
15268
85920
-
6
9784
3827
6738
-
7
879
-
8
87
-
+
BINHDUONG
1
185726
-
2
83715
-
3
38759
-
4
96837
39285
-
5
32958
23871
68371
35869
33827
79482
03817
28694
-
6
5762
2917
6583
-
7
732
-
8
36
-
+
21/06
VINHLONG
1
948375
-
2
18275
-
3
01928
-
4
29581
86800
-
5
39285
18275
19287
01927
50192
02958
70192
95821
-
6
2819
2746
4983
-
7
872
-
8
65
-
+
HANOI
1
684720
-
2
69381
-
3
58201
-
4
85728
18375
-
5
86739
29812
95029
38591
28571
29522
95817
90680
-
6
8572
4918
1209
-
7
251
- 
8
52
-
+
BINHDUONG
1
-
18295
2
-
39281
3
-
86932
4
39683
39505
-
5
67476
48375
49384
73628
39069
38777
36251
69381
-
6
2742
3827
3726
-
7
332
-
8
22
-
+
22/06
VINHLONG
1
867293
- 
2
28371
-
3
29583
-
4
48572
38673
-
5
66843
48376
38271
37634
97853
49386
07958
48372
-
6
3718
3914
2198
-
7
256
-
8
72
-
+
HANOI
1
869372
-
2
30291
-
3
29583
-
4
48271
43020
-
5
30919
30999
28971
18273
43532
46372
44678
64573
-
6
4983
3467
4362
-
7
346
-
8
75
-
+
BINHDUONG
1
346734
-
2
36264
-
3
97834
-
4
40938
96847
-
5
48730
49376
49874
58749
50989
59847
50949
43762
-
6
3563
4364
4678
-
7
463
-
8
46
-
+
23/06
VINHLONG
1
375625
-
2
48730
-
3
74869
-
4
46837
78483
-
5
68746
38476
48674
48676
68473
79483
97846
87734
-
6
3264
3726
6873
-
7
573
-
8
83
-
+
HANOI
1
873928
-
2
73452
-
3
34567
-
4
62321
45325
-
5
23676
75632
33631
75432
25443
53421
34526
23451
-
6
5362
5322
6738
-
7
279
-
8
85
-
+
BINHDUONG
1
63121
-
2
34516
-
3
23456
-
4
34523
57482
-
5
23264
85843
23564
87432
43164
34523
34523
92747
-
6
2314
3452
6375
-
7
234
-
8
13
-
+
24/06
VINHLONG
1
598366
-
2
79584
-
3
58747
-
4
48694
48877
-
5
54837
38475
57366
37263
68372
79486
48376
68496
-
6
5736
2938
3857
-
7
327
-
8
56
-
+
HANOI
1
384727
-
2
48376
-
3
38579
-
4
47262
48376
-
5
96847
43776
48375
43765
48375
38475
38754
34587
-
6
4443
3454
3252
-
7
324
-
8
87
-
+
BINHDUONG
1
398606
-
2
39860
-
3
47362
-
4
37658
23645
-
5
49967
68743
98706
30990
68795
39684
38674
68472
-
6
6487
7483
6847
-
7
736
-
8
53
-
+
25/06
VINHLONG
1
375625
-
2
48730
-
3
74869
-
4
46837
78483
-
5
68746
38476
48674
48676
68473
79483
97846
87734
-
6
3264
3726
6873
-
7
573
-
8
83
-
+
HANOI
1
873928
-
2
73452
-
3
34567
-
4
62321
45325
-
5
23676
75632
33631
75432
25443
53421
34526
23451
-
6
5362
5322
6738
-
7
279
-
8
85
-
+
BINHDUONG
1
756734
-
2
75683
-
3
56734
-
4
57343
46587
-
5
47587
45732
78645
47486
65656
34632
34885
44847
-
6
6948
4873
4876
-
7
352
-
8
53
-
+
26/06
VINHLONG
1
375625
-
2
48730
-
3
74869
-
4
46837
78483
-
5
68746
38476
48674
48676
68473
79483
97846
87734
-
6
3264
3726
6873
-
7
573
-
8
83
-
+
HANOI
1
873928
-
2
73452
-
3
34567
-
4
62321
45325
-
5
23676
75632
33631
75432
25443
53421
34526
23451
-
6
5362
5322
6738
-
7
279
-
8
85
-
+
BINHDUONG
1
63121
-
2
34516
-
3
23456
-
4
34523
57482
-
5
23264
85843
23564
87432
43164
34523
34523
92747
-
6
2314
3452
6375
-
7
234
-
8
13
-
+
